0.01 1000 20 50
0.02 1000 20 50
0.03 1000 20 50
0.04 1000 20 50
0.05 1000 20 50
0.06 1000 20 50
0.07 1000 20 50
0.08 1000 20 50
0.09 1000 20 50
0.10 1000 20 50
0.11 1000 20 50
0.12 1000 20 50
0.13 1000 20 50
0.14 1000 20 50
0.15 1000 20 50
0.16 1000 20 50
0.17 1000 20 50
0.18 1000 20 50
0.19 1000 20 50
0.20 1000 20 50
0.21 1000 20 50
0.22 1000 20 50
0.23 1000 20 50
0.24 1000 20 50
0.25 1000 20 50
0.26 1000 20 50
0.27 1000 20 50
0.28 1000 20 50
0.29 1000 20 50
0.30 1000 20 50
0.31 1000 20 50
0.32 1000 20 50
0.33 1000 20 50
0.34 1000 20 50
0.35 1000 20 50
0.36 1000 20 50
0.37 1000 20 50
0.38 1000 20 50
0.39 1000 20 50
0.40 1000 20 50
0.41 1000 20 50
0.42 1000 20 50
0.43 1000 20 50
0.44 1000 20 50
0.45 1000 20 50
0.46 1000 20 50
0.47 1000 20 50
0.48 1000 20 50
0.49 1000 20 50
0.50 1000 20 50